vec3(-0.348637, 0.943643, 0.188485);
vec3(-0.339350, 1.306994, -0.037972);
vec3(-0.294241, 0.865556, 0.220785);
vec3(-0.339350, 1.306994, -0.037972);
vec3(-0.348637, 0.943643, 0.188485);
vec3(-0.459840, 1.491096, 0.127664);
vec3(-0.459840, 1.491096, 0.127664);
vec3(-0.348637, 0.943643, 0.188485);
vec3(-0.367337, 1.408041, 0.370550);
vec3(-0.294241, 0.865556, 0.220785);
vec3(-0.339350, 1.306994, -0.037972);
vec3(-0.232687, 1.500195, 0.070112);
vec3(-0.294241, 0.865556, 0.220785);
vec3(-0.232687, 1.500195, 0.070112);
vec3(-0.115506, 1.949850, 0.505615);
vec3(-0.294241, 0.865556, 0.220785);
vec3(-0.115506, 1.949850, 0.505615);
vec3(-0.348637, 0.943643, 0.188485);
vec3(-0.115506, 1.949850, 0.505615);
vec3(-0.367337, 1.408041, 0.370550);
vec3(-0.348637, 0.943643, 0.188485);
vec3(0.464365, 1.306995, -0.037972);
vec3(0.473653, 0.943643, 0.188485);
vec3(0.419257, 0.865556, 0.220785);
vec3(0.473653, 0.943643, 0.188485);
vec3(0.464365, 1.306995, -0.037972);
vec3(0.585506, 1.652214, 0.050467);
vec3(0.492353, 1.408041, 0.370550);
vec3(0.473653, 0.943643, 0.188485);
vec3(0.585506, 1.652214, 0.050467);
vec3(0.360413, 1.495832, 0.067056);
vec3(0.464365, 1.306995, -0.037972);
vec3(0.419257, 0.865556, 0.220785);
vec3(0.360413, 1.495832, 0.067056);
vec3(0.419257, 0.865556, 0.220785);
vec3(0.240521, 1.949849, 0.505615);
vec3(0.240521, 1.949849, 0.505615);
vec3(0.419257, 0.865556, 0.220785);
vec3(0.473653, 0.943643, 0.188485);
vec3(0.473653, 0.943643, 0.188485);
vec3(0.492353, 1.408041, 0.370550);
vec3(0.240521, 1.949849, 0.505615);
vec3(0.001948, 1.259460, -0.180586);
vec3(0.016260, 1.203941, -0.214446);
vec3(-0.026366, 0.831886, -0.219392);
vec3(0.052179, 1.259811, -0.184607);
vec3(-0.026366, 0.831886, -0.219392);
vec3(0.016260, 1.203941, -0.214446);
vec3(-0.026366, 0.831886, -0.219392);
vec3(0.052179, 1.259811, -0.184607);
vec3(0.028677, 0.739739, -0.163075);
vec3(0.052179, 1.259811, -0.184607);
vec3(0.001948, 1.259460, -0.180586);
vec3(0.028677, 0.739739, -0.163075);
vec3(-0.026366, 0.831886, -0.219392);
vec3(0.028677, 0.739739, -0.163075);
vec3(0.001948, 1.259460, -0.180586);
vec3(0.017755, 1.883984, -0.164004);
vec3(0.016260, 1.203941, -0.214446);
vec3(0.001948, 1.259460, -0.180586);
vec3(0.052179, 1.259811, -0.184607);
vec3(0.016260, 1.203941, -0.214446);
vec3(0.017755, 1.883984, -0.164004);
vec3(0.373384, 1.767963, 0.288453);
vec3(0.277373, 1.790757, 0.434907);
vec3(0.013893, 0.671264, 0.358372);
vec3(0.013893, 0.671264, 0.358372);
vec3(0.213478, 0.824268, 0.253628);
vec3(0.373384, 1.767963, 0.288453);
vec3(0.213478, 0.824268, 0.253628);
vec3(0.021915, 0.899773, -0.024115);
vec3(0.373384, 1.767963, 0.288453);
vec3(0.277373, 1.790757, 0.434907);
vec3(-0.120593, 1.889233, 0.379246);
vec3(0.013893, 0.671264, 0.358372);
vec3(-0.198167, 1.512083, 0.171009);
vec3(-0.113238, 0.763024, 0.110453);
vec3(0.013893, 0.671264, 0.358372);
vec3(0.021915, 0.899773, -0.024115);
vec3(-0.198167, 1.512083, 0.171009);
vec3(-0.079960, 1.481564, 0.016835);
vec3(0.021915, 0.899773, -0.024115);
vec3(-0.113238, 0.763024, 0.110453);
vec3(-0.198167, 1.512083, 0.171009);
vec3(-0.198167, 1.512083, 0.171009);
vec3(0.013893, 0.671264, 0.358372);
vec3(-0.120593, 1.889233, 0.379246);
vec3(0.155248, 1.764829, 0.043959);
vec3(0.021915, 0.899773, -0.024115);
vec3(-0.079960, 1.481564, 0.016835);
vec3(0.155248, 1.764829, 0.043959);
vec3(0.373384, 1.767963, 0.288453);
vec3(0.021915, 0.899773, -0.024115);
