vec3(-0.294985, 2.206654, 0.015096);
vec3(-0.382958, 2.249300, 0.144654);
vec3(-0.198743, 2.606792, 0.059470);
vec3(-0.294985, 2.206654, 0.015096);
vec3(0.079396, 2.517387, -0.043969);
vec3(-0.000884, 1.283795, -0.102178);
vec3(-0.232687, 1.500195, 0.070112);
vec3(-0.294985, 2.206654, 0.015096);
vec3(-0.000884, 1.283795, -0.102178);
vec3(-0.339350, 1.306994, -0.037972);
vec3(-0.294985, 2.206654, 0.015096);
vec3(-0.232687, 1.500195, 0.070112);
vec3(-0.294985, 2.206654, 0.015096);
vec3(-0.339350, 1.306994, -0.037972);
vec3(-0.459840, 1.491096, 0.127664);
vec3(-0.382958, 2.249300, 0.144654);
vec3(-0.294985, 2.206654, 0.015096);
vec3(-0.459840, 1.491096, 0.127664);
vec3(-0.294985, 2.206654, 0.015096);
vec3(-0.198743, 2.606792, 0.059470);
vec3(0.079396, 2.517387, -0.043969);
vec3(-0.198743, 2.606792, 0.059470);
vec3(-0.131967, 2.465282, 0.075591);
vec3(0.079396, 2.517387, -0.043969);
vec3(-0.099666, 1.858368, 0.032954);
vec3(-0.232687, 1.500195, 0.070112);
vec3(-0.000884, 1.283795, -0.102178);
vec3(-0.000884, 1.283795, -0.102178);
vec3(0.100416, 1.808217, -0.030392);
vec3(-0.099666, 1.858368, 0.032954);
vec3(0.507974, 2.249300, 0.144654);
vec3(0.585506, 1.652214, 0.050467);
vec3(0.328747, 2.600451, 0.075807);
vec3(0.585506, 1.652214, 0.050467);
vec3(0.079396, 2.517387, -0.043969);
vec3(0.328747, 2.600451, 0.075807);
vec3(0.360413, 1.495832, 0.067056);
vec3(0.079396, 2.517387, -0.043969);
vec3(0.585506, 1.652214, 0.050467);
vec3(-0.000884, 1.283795, -0.102178);
vec3(0.079396, 2.517387, -0.043969);
vec3(0.360413, 1.495832, 0.067056);
vec3(0.360413, 1.495832, 0.067056);
vec3(0.585506, 1.652214, 0.050467);
vec3(0.464365, 1.306995, -0.037972);
vec3(0.271844, 2.470376, 0.069960);
vec3(0.328747, 2.600451, 0.075807);
vec3(0.079396, 2.517387, -0.043969);
vec3(0.079396, 2.517387, -0.043969);
vec3(-0.131967, 2.465282, 0.075591);
vec3(0.271844, 2.470376, 0.069960);
vec3(-0.000884, 1.283795, -0.102178);
vec3(0.360413, 1.495832, 0.067056);
vec3(0.100416, 1.808217, -0.030392);
vec3(-0.115155, 1.930441, -0.217257);
vec3(0.083199, 3.042708, -0.020138);
vec3(0.227281, 1.637545, -0.226910);
vec3(0.266617, 1.805212, -0.240520);
vec3(0.227281, 1.637545, -0.226910);
vec3(0.083199, 3.042708, -0.020138);
vec3(-0.115155, 1.930441, -0.217257);
vec3(-0.250912, 2.187325, -0.081150);
vec3(0.083199, 3.042708, -0.020138);
vec3(-0.096804, 3.055518, 0.100496);
vec3(0.083199, 3.042708, -0.020138);
vec3(-0.250912, 2.187325, -0.081150);
vec3(-0.125814, 2.698044, 0.195298);
vec3(-0.096804, 3.055518, 0.100496);
vec3(-0.340041, 2.487969, 0.178924);
vec3(-0.096804, 3.055518, 0.100496);
vec3(-0.250912, 2.187325, -0.081150);
vec3(-0.340041, 2.487969, 0.178924);
vec3(0.083199, 3.042708, -0.020138);
vec3(0.326276, 2.732689, 0.040895);
vec3(0.578775, 2.180537, -0.022376);
vec3(0.266617, 1.805212, -0.240520);
vec3(0.083199, 3.042708, -0.020138);
vec3(0.578775, 2.180537, -0.022376);
vec3(0.227281, 1.637545, -0.226910);
vec3(-0.199971, 1.680040, -0.142343);
vec3(-0.115155, 1.930441, -0.217257);
vec3(0.266617, 1.805212, -0.240520);
vec3(-0.199971, 1.680040, -0.142343);
vec3(0.227281, 1.637545, -0.226910);
vec3(-0.199971, 1.680040, -0.142343);
vec3(0.266617, 1.805212, -0.240520);
vec3(-0.250912, 2.187325, -0.081150);
vec3(0.270568, 2.818947, 0.062047);
vec3(0.266617, 1.805212, -0.240520);
vec3(0.578775, 2.180537, -0.022376);
vec3(-0.250912, 2.187325, -0.081150);
vec3(0.266617, 1.805212, -0.240520);
vec3(0.113654, 3.168979, 0.143172);
vec3(0.266617, 1.805212, -0.240520);
vec3(0.270568, 2.818947, 0.062047);
vec3(0.113654, 3.168979, 0.143172);
vec3(-0.121024, 2.781898, 0.103137);
vec3(-0.250912, 2.187325, -0.081150);
vec3(0.113654, 3.168979, 0.143172);
vec3(-0.340041, 2.487969, 0.178924);
vec3(-0.121024, 2.781898, 0.103137);
vec3(-0.125814, 2.698044, 0.195298);
vec3(-0.250912, 2.187325, -0.081150);
vec3(-0.121024, 2.781898, 0.103137);
vec3(-0.340041, 2.487969, 0.178924);
vec3(-0.250912, 2.187325, -0.081150);
vec3(-0.115155, 1.930441, -0.217257);
vec3(-0.199971, 1.680040, -0.142343);
vec3(-0.051497, 2.791721, 0.121885);
vec3(-0.013366, 2.633455, 0.093602);
vec3(0.000307, 2.562237, 0.203593);
vec3(0.000307, 2.562237, 0.203593);
vec3(0.133495, 2.633937, 0.085714);
vec3(0.207017, 2.861639, 0.161182);
vec3(0.145541, 2.640249, -0.054899);
vec3(0.257045, 2.729107, 0.211633);
vec3(0.159129, 2.563345, -0.041184);
vec3(-0.026015, 2.154497, -0.042204);
vec3(-0.065532, 2.643749, -0.047374);
vec3(0.064347, 2.274957, -0.089880);
vec3(0.064347, 2.274957, -0.089880);
vec3(0.017755, 1.883984, -0.164004);
vec3(-0.026015, 2.154497, -0.042204);
vec3(0.159129, 2.563345, -0.041184);
vec3(0.170522, 2.874793, 0.208654);
vec3(0.146853, 2.214347, -0.124663);
vec3(0.159129, 2.563345, -0.041184);
vec3(0.146853, 2.214347, -0.124663);
vec3(0.064347, 2.274957, -0.089880);
vec3(0.064347, 2.274957, -0.089880);
vec3(0.146853, 2.214347, -0.124663);
vec3(0.017755, 1.883984, -0.164004);
vec3(0.170522, 2.874793, 0.208654);
vec3(-0.026015, 2.154497, -0.042204);
vec3(0.146853, 2.214347, -0.124663);
vec3(-0.026015, 2.154497, -0.042204);
vec3(0.079877, 1.789095, -0.106236);
vec3(0.146853, 2.214347, -0.124663);
vec3(0.146853, 2.214347, -0.124663);
vec3(0.079877, 1.789095, -0.106236);
vec3(0.017755, 1.883984, -0.164004);
vec3(0.017755, 1.883984, -0.164004);
vec3(0.001948, 1.259460, -0.180586);
vec3(-0.026015, 2.154497, -0.042204);
vec3(0.001948, 1.259460, -0.180586);
vec3(0.079877, 1.789095, -0.106236);
vec3(-0.026015, 2.154497, -0.042204);
vec3(0.017755, 1.883984, -0.164004);
vec3(0.079877, 1.789095, -0.106236);
vec3(0.052179, 1.259811, -0.184607);
vec3(0.079877, 1.789095, -0.106236);
vec3(0.001948, 1.259460, -0.180586);
vec3(0.052179, 1.259811, -0.184607);
vec3(0.257045, 2.729107, 0.211633);
vec3(0.170522, 2.874793, 0.208654);
vec3(0.159129, 2.563345, -0.041184);
vec3(-0.026015, 2.154497, -0.042204);
vec3(0.170522, 2.874793, 0.208654);
vec3(-0.065532, 2.643749, -0.047374);
vec3(0.344899, 2.551563, 0.076230);
vec3(0.151576, 2.597359, 0.068936);
vec3(0.073753, 2.625664, 0.118105);
