vec3(0.083199, 3.042708, -0.020138);
vec3(-0.096804, 3.055518, 0.100496);
vec3(0.098125, 3.229466, 0.160518);
vec3(0.098125, 3.229466, 0.160518);
vec3(0.326276, 2.732689, 0.040895);
vec3(0.083199, 3.042708, -0.020138);
vec3(-0.232698, 2.950792, 0.477468);
vec3(0.180265, 3.095565, 0.383238);
vec3(0.098125, 3.229466, 0.160518);
vec3(0.180265, 3.095565, 0.383238);
vec3(-0.232698, 2.950792, 0.477468);
vec3(-0.068199, 2.927649, 0.558173);
vec3(-0.096804, 3.055518, 0.100496);
vec3(-0.232698, 2.950792, 0.477468);
vec3(0.098125, 3.229466, 0.160518);
vec3(-0.232698, 2.950792, 0.477468);
vec3(-0.096804, 3.055518, 0.100496);
vec3(-0.125814, 2.698044, 0.195298);
vec3(0.326276, 2.732689, 0.040895);
vec3(0.098125, 3.229466, 0.160518);
vec3(0.180265, 3.095565, 0.383238);
vec3(0.294537, 2.754190, 0.343911);
vec3(0.326276, 2.732689, 0.040895);
vec3(0.180265, 3.095565, 0.383238);
vec3(0.294537, 2.754190, 0.343911);
vec3(0.180265, 3.095565, 0.383238);
vec3(-0.068199, 2.927649, 0.558173);
vec3(-0.068199, 2.927649, 0.558173);
vec3(0.113654, 3.168979, 0.143172);
vec3(0.294537, 2.754190, 0.343911);
vec3(-0.068199, 2.927649, 0.558173);
vec3(-0.232698, 2.950792, 0.477468);
vec3(0.113654, 3.168979, 0.143172);
vec3(-0.121024, 2.781898, 0.103137);
vec3(0.113654, 3.168979, 0.143172);
vec3(-0.232698, 2.950792, 0.477468);
vec3(-0.232698, 2.950792, 0.477468);
vec3(-0.125814, 2.698044, 0.195298);
vec3(-0.121024, 2.781898, 0.103137);
vec3(0.270568, 2.818947, 0.062047);
vec3(0.294537, 2.754190, 0.343911);
vec3(0.113654, 3.168979, 0.143172);
vec3(0.034978, 2.971835, 0.445665);
vec3(-0.051497, 2.791721, 0.121885);
vec3(0.051197, 2.653754, 0.340142);
vec3(-0.051497, 2.791721, 0.121885);
vec3(0.034978, 2.971835, 0.445665);
vec3(-0.042253, 3.126773, 0.294809);
vec3(0.207017, 2.861639, 0.161182);
vec3(0.188544, 3.033000, 0.419767);
vec3(0.051197, 2.653754, 0.340142);
vec3(0.207017, 2.861639, 0.161182);
vec3(0.185406, 3.148475, 0.229430);
vec3(0.188544, 3.033000, 0.419767);
vec3(0.188544, 3.033000, 0.419767);
vec3(0.034978, 2.971835, 0.445665);
vec3(0.051197, 2.653754, 0.340142);
vec3(0.031126, 2.860388, 0.445999);
vec3(0.069153, 3.204110, 0.257066);
vec3(-0.044648, 2.939751, 0.400501);
vec3(0.069153, 3.204110, 0.257066);
vec3(0.031126, 2.860388, 0.445999);
vec3(0.169772, 2.902534, 0.422545);
vec3(0.169772, 2.902534, 0.422545);
vec3(0.031126, 2.860388, 0.445999);
vec3(0.094951, 2.852709, 0.430940);
vec3(0.069153, 3.204110, 0.257066);
vec3(0.169772, 2.902534, 0.422545);
vec3(0.238104, 3.030881, 0.305309);
vec3(0.224548, 3.001673, 0.209666);
vec3(0.238104, 3.030881, 0.305309);
vec3(0.309047, 2.796220, 0.091476);
vec3(0.257045, 2.729107, 0.211633);
vec3(0.309047, 2.796220, 0.091476);
vec3(0.238104, 3.030881, 0.305309);
vec3(0.069153, 3.204110, 0.257066);
vec3(-0.134734, 3.018363, 0.207058);
vec3(-0.044648, 2.939751, 0.400501);
vec3(-0.091589, 2.946086, 0.314905);
vec3(-0.044648, 2.939751, 0.400501);
vec3(-0.134734, 3.018363, 0.207058);
vec3(-0.134734, 3.018363, 0.207058);
vec3(-0.117696, 2.870908, 0.185262);
vec3(-0.091589, 2.946086, 0.314905);
vec3(0.257045, 2.729107, 0.211633);
vec3(0.145541, 2.640249, -0.054899);
vec3(0.309047, 2.796220, 0.091476);
vec3(0.257045, 2.729107, 0.211633);
vec3(0.238104, 3.030881, 0.305309);
vec3(0.169772, 2.902534, 0.422545);
vec3(-0.084965, 2.828664, 0.326772);
vec3(-0.044648, 2.939751, 0.400501);
vec3(-0.102494, 2.874655, 0.346055);
vec3(-0.044648, 2.939751, 0.400501);
vec3(-0.091589, 2.946086, 0.314905);
vec3(-0.102494, 2.874655, 0.346055);
vec3(-0.064427, 2.689384, 0.178961);
vec3(-0.102494, 2.874655, 0.346055);
vec3(-0.091589, 2.946086, 0.314905);
vec3(-0.097553, 2.862024, 0.317434);
vec3(-0.064427, 2.689384, 0.178961);
vec3(-0.091589, 2.946086, 0.314905);
vec3(-0.102494, 2.874655, 0.346055);
vec3(-0.064427, 2.689384, 0.178961);
vec3(-0.097553, 2.862024, 0.317434);
vec3(-0.065532, 2.643749, -0.047374);
vec3(-0.117696, 2.870908, 0.185262);
vec3(-0.134734, 3.018363, 0.207058);
vec3(-0.117696, 2.870908, 0.185262);
vec3(-0.065532, 2.643749, -0.047374);
vec3(0.170522, 2.874793, 0.208654);
vec3(0.190021, 2.903655, 0.329049);
vec3(0.170522, 2.874793, 0.208654);
vec3(0.257045, 2.729107, 0.211633);