vec3(-0.198743, 2.606792, 0.059470);
vec3(-0.382958, 2.249300, 0.144654);
vec3(-0.186905, 2.313239, 0.265930);
vec3(-0.382958, 2.249300, 0.144654);
vec3(-0.459840, 1.491096, 0.127664);
vec3(-0.367337, 1.408041, 0.370550);
vec3(-0.382958, 2.249300, 0.144654);
vec3(-0.367337, 1.408041, 0.370550);
vec3(-0.090769, 2.029735, 0.577870);
vec3(-0.382958, 2.249300, 0.144654);
vec3(-0.090769, 2.029735, 0.577870);
vec3(-0.027793, 2.065044, 0.480639);
vec3(-0.027793, 2.065044, 0.480639);
vec3(-0.186905, 2.313239, 0.265930);
vec3(-0.382958, 2.249300, 0.144654);
vec3(-0.115506, 1.949850, 0.505615);
vec3(-0.232687, 1.500195, 0.070112);
vec3(-0.112174, 1.964022, 0.235866);
vec3(-0.027793, 2.065044, 0.480639);
vec3(-0.115506, 1.949850, 0.505615);
vec3(-0.112174, 1.964022, 0.235866);
vec3(-0.027793, 2.065044, 0.480639);
vec3(-0.112174, 1.964022, 0.235866);
vec3(-0.135603, 2.106882, 0.330678);
vec3(-0.135603, 2.106882, 0.330678);
vec3(-0.186905, 2.313239, 0.265930);
vec3(-0.027793, 2.065044, 0.480639);
vec3(-0.186905, 2.313239, 0.265930);
vec3(-0.131967, 2.465282, 0.075591);
vec3(-0.198743, 2.606792, 0.059470);
vec3(-0.115506, 1.949850, 0.505615);
vec3(-0.090769, 2.029735, 0.577870);
vec3(-0.367337, 1.408041, 0.370550);
vec3(-0.115506, 1.949850, 0.505615);
vec3(-0.027793, 2.065044, 0.480639);
vec3(-0.090769, 2.029735, 0.577870);
vec3(-0.232687, 1.500195, 0.070112);
vec3(-0.099666, 1.858368, 0.032954);
vec3(-0.112174, 1.964022, 0.235866);
vec3(0.311920, 2.313238, 0.265931);
vec3(0.507974, 2.249300, 0.144654);
vec3(0.328747, 2.600451, 0.075807);
vec3(0.492353, 1.408041, 0.370550);
vec3(0.585506, 1.652214, 0.050467);
vec3(0.507974, 2.249300, 0.144654);
vec3(0.492353, 1.408041, 0.370550);
vec3(0.507974, 2.249300, 0.144654);
vec3(0.215785, 2.029735, 0.577870);
vec3(0.215785, 2.029735, 0.577870);
vec3(0.507974, 2.249300, 0.144654);
vec3(0.152808, 2.065044, 0.480639);
vec3(0.311920, 2.313238, 0.265931);
vec3(0.152808, 2.065044, 0.480639);
vec3(0.507974, 2.249300, 0.144654);
vec3(0.360413, 1.495832, 0.067056);
vec3(0.240521, 1.949849, 0.505615);
vec3(0.237190, 1.964022, 0.235866);
vec3(0.240521, 1.949849, 0.505615);
vec3(0.152808, 2.065044, 0.480639);
vec3(0.237190, 1.964022, 0.235866);
vec3(0.260618, 2.106882, 0.330678);
vec3(0.237190, 1.964022, 0.235866);
vec3(0.152808, 2.065044, 0.480639);
vec3(0.311920, 2.313238, 0.265931);
vec3(0.260618, 2.106882, 0.330678);
vec3(0.152808, 2.065044, 0.480639);
vec3(0.271844, 2.470376, 0.069960);
vec3(0.311920, 2.313238, 0.265931);
vec3(0.328747, 2.600451, 0.075807);
vec3(0.215785, 2.029735, 0.577870);
vec3(0.240521, 1.949849, 0.505615);
vec3(0.492353, 1.408041, 0.370550);
vec3(0.152808, 2.065044, 0.480639);
vec3(0.240521, 1.949849, 0.505615);
vec3(0.215785, 2.029735, 0.577870);
vec3(0.100416, 1.808217, -0.030392);
vec3(0.360413, 1.495832, 0.067056);
vec3(0.237190, 1.964022, 0.235866);
vec3(0.326276, 2.732689, 0.040895);
vec3(0.251995, 2.502086, 0.337327);
vec3(0.578775, 2.180537, -0.022376);
vec3(0.251995, 2.502086, 0.337327);
vec3(0.326276, 2.732689, 0.040895);
vec3(0.294537, 2.754190, 0.343911);
vec3(0.578775, 2.180537, -0.022376);
vec3(0.251995, 2.502086, 0.337327);
vec3(0.270568, 2.818947, 0.062047);
vec3(0.251995, 2.502086, 0.337327);
vec3(0.294537, 2.754190, 0.343911);
vec3(0.270568, 2.818947, 0.062047);
vec3(0.133495, 2.633937, 0.085714);
vec3(0.000307, 2.562237, 0.203593);
vec3(0.066861, 2.511577, 0.258922);
vec3(0.000307, 2.562237, 0.203593);
vec3(0.207017, 2.861639, 0.161182);
vec3(0.051197, 2.653754, 0.340142);
vec3(0.000307, 2.562237, 0.203593);
vec3(0.051197, 2.653754, 0.340142);
vec3(-0.051497, 2.791721, 0.121885);
vec3(-0.016326, 1.941981, 0.619721);
vec3(-0.140341, 2.037405, 0.489296);
vec3(-0.108589, 2.008614, 0.455992);
vec3(-0.016326, 1.941981, 0.619721);
vec3(0.064858, 1.916245, 0.608844);
vec3(-0.140341, 2.037405, 0.489296);
vec3(0.064858, 1.916245, 0.608844);
vec3(0.077986, 2.015246, 0.533233);
vec3(-0.140341, 2.037405, 0.489296);
vec3(-0.140341, 2.037405, 0.489296);
vec3(0.077986, 2.015246, 0.533233);
vec3(-0.096493, 2.047215, 0.454581);
vec3(0.077986, 2.015246, 0.533233);
vec3(0.064858, 1.916245, 0.608844);
vec3(0.107414, 1.940665, 0.602529);
vec3(0.064858, 1.916245, 0.608844);
vec3(-0.016326, 1.941981, 0.619721);
vec3(0.107414, 1.940665, 0.602529);
vec3(-0.108589, 2.008614, 0.455992);
vec3(0.107414, 1.940665, 0.602529);
vec3(-0.016326, 1.941981, 0.619721);
vec3(0.107414, 1.940665, 0.602529);
vec3(-0.108589, 2.008614, 0.455992);
vec3(0.077986, 2.015246, 0.533233);
vec3(-0.096493, 2.047215, 0.454581);
vec3(0.077986, 2.015246, 0.533233);
vec3(-0.108589, 2.008614, 0.455992);
vec3(0.239720, 2.037216, 0.511709);
vec3(0.070815, 1.908054, 0.591753);
vec3(0.216797, 2.015238, 0.467689);
vec3(0.044685, 2.019706, 0.531086);
vec3(0.070815, 1.908054, 0.591753);
vec3(0.239720, 2.037216, 0.511709);
vec3(0.044685, 2.019706, 0.531086);
vec3(0.239720, 2.037216, 0.511709);
vec3(0.201567, 2.052430, 0.472507);
vec3(-0.043078, 1.873654, 0.544698);
vec3(0.070815, 1.908054, 0.591753);
vec3(0.044685, 2.019706, 0.531086);
vec3(0.025928, 1.977604, 0.509407);
vec3(-0.043078, 1.873654, 0.544698);
vec3(0.044685, 2.019706, 0.531086);
vec3(0.025928, 1.977604, 0.509407);
vec3(0.044685, 2.019706, 0.531086);
vec3(0.201567, 2.052430, 0.472507);
vec3(0.070815, 1.908054, 0.591753);
vec3(0.022112, 1.873155, 0.545129);
vec3(0.216797, 2.015238, 0.467689);
vec3(0.070815, 1.908054, 0.591753);
vec3(0.025928, 1.977604, 0.509407);
vec3(0.022112, 1.873155, 0.545129);
vec3(-0.043078, 1.873654, 0.544698);
vec3(0.025928, 1.977604, 0.509407);
vec3(0.070815, 1.908054, 0.591753);
vec3(0.022112, 1.873155, 0.545129);
vec3(0.025928, 1.977604, 0.509407);
vec3(0.216797, 2.015238, 0.467689);
vec3(0.201567, 2.052430, 0.472507);
vec3(0.216797, 2.015238, 0.467689);
vec3(0.025928, 1.977604, 0.509407);
vec3(0.257045, 2.729107, 0.211633);
vec3(0.169772, 2.902534, 0.422545);
vec3(0.118890, 2.439840, 0.397733);
vec3(0.257045, 2.729107, 0.211633);
vec3(0.118890, 2.439840, 0.397733);
vec3(0.131360, 2.559967, 0.277265);
vec3(0.118890, 2.439840, 0.397733);
vec3(0.190021, 2.903655, 0.329049);
vec3(0.131360, 2.559967, 0.277265);
vec3(0.190021, 2.903655, 0.329049);
vec3(0.118890, 2.439840, 0.397733);
vec3(0.169772, 2.902534, 0.422545);
vec3(0.190021, 2.903655, 0.329049);
vec3(0.257045, 2.729107, 0.211633);
vec3(0.131360, 2.559967, 0.277265);
vec3(0.264126, 2.338031, 0.338780);
vec3(0.344899, 2.551563, 0.076230);
vec3(0.204880, 2.357089, 0.424575);
vec3(0.344899, 2.551563, 0.076230);
vec3(0.073753, 2.625664, 0.118105);
vec3(0.204880, 2.357089, 0.424575);
vec3(0.204880, 2.357089, 0.424575);
vec3(0.073753, 2.625664, 0.118105);
vec3(-0.053706, 2.381486, 0.428838);
vec3(-0.053706, 2.381486, 0.428838);
vec3(-0.013808, 2.648117, 0.088736);
vec3(-0.216450, 2.563470, 0.065889);
vec3(-0.128414, 2.342008, 0.329633);
vec3(-0.053706, 2.381486, 0.428838);
vec3(-0.216450, 2.563470, 0.065889);
vec3(-0.128414, 2.342008, 0.329633);
vec3(-0.083856, 2.209747, 0.342375);
vec3(-0.053706, 2.381486, 0.428838);
vec3(0.204880, 2.357089, 0.424575);
vec3(0.217129, 2.051486, 0.402411);
vec3(0.264126, 2.338031, 0.338780);
vec3(0.204880, 2.357089, 0.424575);
vec3(0.277373, 1.790757, 0.434907);
vec3(0.217129, 2.051486, 0.402411);
vec3(0.204880, 2.357089, 0.424575);
vec3(-0.120593, 1.889233, 0.379246);
vec3(0.277373, 1.790757, 0.434907);
vec3(-0.120593, 1.889233, 0.379246);
vec3(0.204880, 2.357089, 0.424575);
vec3(-0.083856, 2.209747, 0.342375);
vec3(-0.053706, 2.381486, 0.428838);
vec3(0.073753, 2.625664, 0.118105);
vec3(-0.013808, 2.648117, 0.088736);
vec3(0.204880, 2.357089, 0.424575);
vec3(-0.053706, 2.381486, 0.428838);
vec3(-0.083856, 2.209747, 0.342375);
